RRT cross
0.5157858 957.0200771586418
0.015626 967.0200771586418
1.5480283 972.6531391108892
0.7813013 970.5902744489108
1.7813681 974.8329151360301
3.6725656 976.4212263437561
0.2187644 978.6531391108892
1.7344893 970.576310447556
0.0625044 974.18186172302
9.8775187 976.4212263437561

RRT_Star cross
149.1545011 733.587465529046
54.3546319 723.2280452445376
15.8636032 727.3463472200073
1.5819439 725.5423843903257
24.9729066 728.4646568865024
50.5871019 723.7131259678778
3.7663385 726.9109462803592
14.391925 729.2683855717955
8.2983013 721.2297654225968
19.9096978 730.518905112689

Q_RRT_Star cross
9.6571774 766.0016119188838
1.9688801 777.0672616652732
7.0481349 785.721343517342
9.8762946 770.4320583868796
19.3152513 748.8336896290105
10.0233552 739.5980393226686
20.0385571 734.6914225794688
1.9845257 733.3613639605232
22.9271197 734.0739896185753
3.8613498 736.1113267384424

DT_RRT_Star cross
1.5783695 720.77248035843
1.0003213 725.7085185594194
1.5938557 723.990079333312
2.8043944 722.9343789846082
2.4157338 722.3811637638155
2.2032657 721.5678383666458
5.864923 724.8836530815089
1.0458569 721.5080290899432
9.9838725 722.7614204293029
3.8286624 729.3556715846461

Lazy_DT_RRT_Star cross
1.0938226 724.0941727191139
1.9223005 724.0941727191139
1.0940882 724.0941727191139
1.3282128 724.0941727191139
3.8596306 724.0941727191139
1.5626035 724.0941727191139
1.2344567 724.0941727191139
1.8907502 724.0941727191139
4.3445863 724.0941727191139
1.6407367 724.0941727191139

RRT maze
2.8755882 2042.1409802595867
0.0312522 2051.642306895464
2.2345228 2045.745361641124
1.3751785 2058.7133747073294
0.2500164 2056.642306895464
1.4224244 2048.9076393012924
0.5937897 2059.8045845556326
7.4546801 2065.189749362767
0.0783241 2047.9814296186237
0.0779371 2057.642306895464

RRT_Star maze
87.6240882 1274.4919767987085
55.4124235 1231.0353366512932
41.1778836 1235.547712833762
10.705834 1219.71003561424
12.7210444 1222.575385123454
22.5191863 1228.946905487596
33.1938837 1221.1913539210523
124.9386376 1219.458932764827
22.877687 1213.7949554175004
72.7743568 1208.1513098331254

Q_RRT_Star maze
49.7724453 1373.5127784907888
11.9544148 1320.2235531164197
29.8630111 1256.7371449471188
52.2869825 1266.7024588694178
25.2985798 1242.6208933059052
59.6612274 1217.180495262869
153.0382057 1212.3705823474022
84.3523173 1211.7119043821265
358.0818774 1213.0982485606257
32.312035 1208.8518572445287

DT_RRT_Star maze
64.7431265 1375.1847745130233
4.6565581 1380.028769738387
7.5636107 1380.1881545865956
4.125273 1379.726420581099
10.094891 1378.4255116541995
7.6567571 1379.013101560412
22.8938409 1379.929732983699
9.6731934 1380.7346589209517
8.9416836 1377.6045851332951
10.2350351 1380.8722795215076

Lazy_DT_RRT_Star maze
50.1618931 1266.3336138936054
5.4538935 1266.3336138936054
10.0792306 1266.3336138936054
4.95402 1266.3336138936054
8.6418231 1266.3336138936054
16.2673021 1266.3336138936054
73.9309206 1222.9235818032175
70.8825187 1239.711546640869
91.8383984 1235.918184003578
31.0652029 1235.918184003578

RRT narrow_pass
75.0708975 1981.400595205182
6.4699049 1985.4070280629803
0.062504 1990.506047576573
2.5158637 1985.5663727060098
1.4375951 2000.506047576573
0.7812967 1994.9781835315728
0.5156637 1994.111598852037
1.7813681 2004.111598852037
1.1563265 1998.1404611917412
22.5027231 1996.3476668295368

RRT_Star narrow_pass
587.1876055 1651.1514686299552
3.8752591 1655.9028995545166
12.8918875 1659.660101344922
10.1422219 1659.2102746984915
15.2677699 1651.0125602573535
153.0803749 1648.193590822038
17.2079837 1647.9929527620889
154.0946928 1647.3670272514282
492.6474315 1645.333633439355
247.0055642 1642.8694737002656

Q_RRT_Star narrow_pass
582.7100384 1657.7316532092573
35.0861316 1651.1960813894532
55.7561502 1655.5084168265935
30.7104287 1654.4311439209462
182.0915363 1644.7039156931785
68.3232059 1645.4970992519416
41.0364481 1650.763998249127
67.8256389 1643.1555118831395
32.019096 1646.757029107838
23.6422521 1647.5564405051027

DT_RRT_Star narrow_pass
171.5017519 787.9817492551074
163.693484 789.1894667625213
223.1783403 785.7190613440202
189.330616 786.6786636019691
120.4670201 786.5220627965632
144.5409937 791.2370087974531
161.3332506 791.5827850915535
102.5259001 788.6971378345206
129.2195009 775.8296607672634
123.8100159 775.2928073367781

Lazy_DT_RRT_Star narrow_pass
185.7778384 1642.9902680634991
202.058216 1642.9902680634991
173.023088 1642.9902680634991
205.0072724 1642.9902680634991
131.6857268 1642.9902680634991
240.3655043 1642.9902680634991
125.311833 1642.9902680634991
223.4665793 1642.9902680634991
258.533887 1647.540445814901
158.4542153 1647.540445814901

RRT narrow_pass_2
0.218759 547.594311677619
0.2968949 557.594311677619
1.0313182 571.4844509840061
2.0626365 551.7174173032366
0.9688147 549.8303796551188
2.2188965 566.2849224649583
0.1718863 574.6467286441745
0.4219031 552.9794764847535
0.5312851 557.9794764847535
4.4065418 561.1417541449218

RRT_Star narrow_pass_2
8.1100985 407.03662598525415
14.8386844 410.02834920264416
31.3559945 401.5755737367938
8.6428305 400.6097219373183
90.3857238 398.604176559357
11.6882921 399.2960325865742
29.4735808 398.8538473599481
25.7050263 403.89137953354884
22.2045945 400.25199030595627
24.4248921 402.1316102996924

Q_RRT_Star narrow_pass_2
21.0485826 413.03214837434194
1.4844724 412.4032503491218
54.1173493 407.14601407870634
5.5472449 403.8535661289415
38.5211222 403.495208221276
2.0782611 403.17804707919566
51.6401827 403.4486428129745
39.8501549 400.3829271889262
6.6731305 397.073728716074
7.3297151 397.37547818175875

DT_RRT_Star narrow_pass_2
1.9532492 402.14979673015716
2.1563926 403.3917009546362
2.0470709 395.6406684346702
2.5324494 398.33544117926476
1.2969609 401.9535575139013
1.7032378 396.902024002471
8.1724215 395.6069461058202
1.7192629 397.07683205328016
0.4844013 400.9863508988176
1.0313241 400.4685924391139

Lazy_DT_RRT_Star narrow_pass_2
0.4844013 400.4996878900157
0.2500167 400.4996878900157
0.6875453 400.4996878900157
0.3437733 400.4996878900157
0.546911 400.4996878900157
1.7501157 400.4996878900157
3.6564918 400.4996878900157
0.2343908 400.4996878900157
2.9533205 400.4996878900157
0.98444 400.4996878900157

